0 0.091406 0.378534 0.028125 0.055212
0 0.505859 0.333260 0.035156 0.041961
5 0.161923 0.294226 0.014844 0.022510
5 0.305018 0.389873 0.014844 0.022510
5 0.366396 0.388288 0.014844 0.022510
5 0.417999 0.389647 0.014844 0.022510
5 0.468601 0.388511 0.014844 0.022510
5 0.444304 0.388795 0.014844 0.022510
5 0.483260 0.388795 0.014844 0.022510
5 0.498320 0.388795 0.014844 0.022510
5 0.489485 0.295134 0.014844 0.022510
5 0.320156 0.389306 0.014844 0.022510
5 0.289433 0.389589 0.014844 0.022510
5 0.113127 0.291671 0.014844 0.022510
5 0.118951 0.389306 0.014844 0.022510
5 0.134011 0.389306 0.014844 0.022510
5 0.148268 0.389873 0.014844 0.022510
5 0.163127 0.389022 0.014844 0.022510
5 0.183609 0.389589 0.014844 0.022510
5 0.512850 0.388795 0.014844 0.022510
4 0.306197 0.269865 0.432906 0.018121
